34127
77220
53460
77806
36882
65136
50619
17066
15465
25351
35619
17025
15725
34306
84031
27967
28247
16973
28324
38299
39567
34154
776
55329
17252
16322
15844
18169
16797
19092
371
978
15622
17189
36729
28043
995
15573
15745
16886
28542
16132
27683
1148
17504
16256
30835
35932
15753
30831
30882
16562
17835
17150
41941
1387
15768
28834
28533
58374
17862
15793
17380
27847
27453
28111
742324
16530
15486
15811
16345
18261
17645
17769
16865
16422
32373
18344
30763
15621
18101
17385
15999
63795
48430
33574
17405
1989
15901
15994
36713
16330
17549
50157
27823
18072
28171
114833
15641
17509
18183
110006
34477
308079
48928
15343
15366
15344
37666
15355
16708
16335
15919
15751
28918
53487
17431
27584
30837
15676
730073
17973
18145
2700
2710
16032
28832
30754
15843
15682
17208
17053
48131
30746
16958
15903
37084
17750
15710
16990
17033
15956
3210
30772
57371
16433
17933
17823
15727
16436
52639
16356
28701
16755
16359
41321
15354
15519
32805
28792
32425
50464
30769
16349
17361
16556
27958
16827
17650
16919
58092
16737
17141
16283
17562
16040
15905
16174
17713
17364
16284
15918
18304
30813
28493
17123
17242
16814
220467
17256
58810
15698
17172
28997
28816
16450
16002
17924
33198
35145
18268
28125
53486
15633
18047
27468
16057
17170
17724
42111
16991
18243
37946
53488
17173
17013
18077
15867
15936
17140
16332
708641
31529
28822
30825
28364
36489
16469
27974
17474
17263
28919
16236
16000
17553
17621
27470
28645
18105
28602
15946
18012
16813
28061
15754
16244
17515
28661
29052
18163
28175
28648
28424
17009
5386
16938
5417
15873
4167
4170
42717
17798
5445
32398
17522
36274
29746
27471
17497
37998
16891
18216
51013
15681
17345
27515
17858
27691
28058
15996
16344
16235
16750
17627
5656
45571
17600
30776
27540
18089
18295
17230
44747
15699
545959
16668
17368
17808
27398
16974
17202
16411
17596
17268
17998
30887
28189
30838
15528
16039
16946
37024
33094
18419
36219
16521
17535
18403
30805
17482
21260
15765
27913
28319
17232
16154
17587
18040
17351
27432
30314
16325
422
144365
18102
17490
28666
48092
30797
47937
61988
27931
4208
17369
32365
16796
16208
27969
28104
8122
30860
28875
15532
7101
28101
17927
17312
17261
7386
17311
15947
28800
55404
506227
15784
21547
165927
45744
27438
16543
17768
17697
15859
17929
16171
15927
17154
15763
15940
16463
29009
48294
17458
39246
29019
18357
144308
30744
28837
15533
30823
15961
28867
15729
16742
15842
16995
15883
15756
28716
15525
7916
16110
15958
42504
44897
18397
16424
30745
15537
17884
27480
18132
31997
16285
15538
28747
35420
16581
17026
16997
30768
15539
27647
15430
17759
17111
18116
17148
17310
18405
16410
18335
16709
28803
32816
16675
17898
15367
17336
28870
15963
17015
16988
35425
17797
17363
15625
16680
123715
15611
27585
9100
28790
17636
18321
16870
16929
15978
16610
15746
16566
16893
16393
37550
28842
32389
15741
17992
60007
17864
15891
16525
28865
9410
36259
28835
17347
20506
18385
37574
9532
9534
28839
15908
17748
17821
18332
18095
35940
45919
18258
16765
15760
16082
16695
17568
17775
15412
16704
30817
9907
17418
1127735
283119
17712
18107
15652
217069
10049
1305691
28087
16752
15466
16389
16551
15958
15538
30832
15487
41865
9300
8408
47954
603631
58083
37373
30913
17847
30923
240943
27771
16265
18216
81244
52022
46195
32636
58639
17935
27667
17925
17169
88528
72745
17034
27836
31457
84067
34787
133752
85206
85284
85285
77996
74100
85204
71464
85263
85262
72959
72956
