77220
53460
77806
65136
50619
17066
25351
35619
17025
34306
16973
28324
39567
34154
55329
17252
16322
16797
371
17189
28043
15573
16132
1148
17504
35932
15753
30831
41941
1387
15768
28834
15793
17380
742324
16530
15486
15811
16345
18261
17645
16865
16422
32373
18344
30763
18101
17385
15999
48430
33574
17405
15901
16330
17549
27823
28171
15641
17509
18183
308079
15366
15344
15355
16708
16335
15751
28918
53487
17431
27584
30837
15676
730073
17973
18145
2700
2710
16032
28832
30754
15843
15682
17208
17053
48131
30746
16958
15903
37084
17750
16990
17033
15956
30772
57371
16433
17933
17823
15727
16436
52639
16755
16359
41321
15354
32805
28792
32425
50464
30769
16349
17361
16556
16827
17650
16919
58092
16737
17141
16283
17562
16040
17713
16284
15918
30813
28493
17242
16814
220467
15698
17172
28816
16450
16002
17924
33198
28125
53486
15633
27468
16057
17724
42111
18243
37946
53488
17013
18077
15936
17140
708641
31529
28822
30825
28364
16469
27974
17474
17263
16000
17553
17621
27470
28645
15946
18012
28061
16244
28661
29052
17009
5417
15873
4167
4170
42717
5445
32398
17522
36274
29746
27471
17497
37998
16891
17345
17858
15996
16344
16235
16750
17627
45571
30776
27540
18089
18295
17230
44747
15699
545959
16668
17368
17808
16974
17202
16411
17596
17268
17998
30887
28189
30838
16946
37024
36219
16521
17535
18403
30805
17482
21260
15765
28319
16154
18040
17351
27432
30314
16325
422
144365
18102
17490
28666
48092
30797
47937
4208
32365
16796
16208
8122
30860
28875
15532
17927
17312
17261
17311
15947
28800
506227
21547
165927
45744
16543
17768
17697
17929
16171
17154
15940
29009
17458
39246
29019
18357
144308
30744
28837
15533
30823
28867
15729
16742
15842
16995
15756
28716
15525
7916
16110
42504
44897
18397
30745
17884
27480
18132
16285
28747
35420
16581
17026
16997
30768
15539
27647
15430
17759
17148
17310
18405
16410
16709
32816
16675
17898
15367
17336
15963
17015
16988
17363
16680
123715
15611
27585
28790
17636
16870
16929
15978
16610
15746
16566
16893
16393
37550
28842
32389
15741
17992
60007
17864
15891
16525
28865
9410
36259
17347
20506
18385
9532
15908
17748
17821
18332
18095
35940
45919
18258
16765
15760
16082
16695
17568
17775
16704
30817
9907
17418
1127735
283119
17712
18107
217069
1305691
28087
16389
16551
30832
15487
41865
9300
8408
47954
603631
37373
30913
17847
240943
81244
46195
32636
17935
88528
71464
72959
