89698
15346
16474
16026
17482
15351
18040
18019
16797
15729
17858
15354
16015
17053
16467
37023
30751
17115
17200
17196
16556
82927
77127
78226
15428
18050
45133
74903
18095
18123
89228
15908
173697
75977
36210
37100
75145
173559
75034
83051
180306
84829
35045
42027
75094
133172
74963
70838
86595
39246
73002
19660
44510
73000
75062
133136
27781
82956
16586
132983
171868
9592
45919
37655
165398
85057
70850
55328
73001
84808
84822
86147
45630
73003
72999
16349
72959
184023
165870
16285
13332
16283
16244
16027
17929
84058
65136
50613
1148
145234
15611
16977
18053
32389
74965
75117
177097
176404
183045
138517
34114
29016
83058
64395
16857
36219
15539
17230
74340
16865
15727
16695
18323
50599
17164
15355
16347
27596
17549
45744
15887
76076
73007
73008
75038
76078
133599
73009
16856
47977
16543
17203
16899
17924
15971
33574
28087
16208
371
17992
5445
17973
55513
12387
506227
28009
21347
17752
17561
15903
17261
53455
30865
33198
nan
47833
16870
35619
114444
35940
350682
35704
16343
89641
17151
72782
30021
17521
166543
18132
17016
40992
17895
57589
45441
16440
166587
28804
17740
16303
16680
15765
47962
133343
42717
17588
16414
33033
53210
17050
741548
133983
17023
nan
15891
17562
248101
39912
68465
18026
17964
421840
88458
18346
29672
31835
30816
46477
86553
16388
nan
16433
262555
48526
41139
18385
32114
68500
68552
21949
17380
30852
nan
18189
73850
nan
44454
189712
16750
4170
17361
nan
nan
nan
17781
17202
17113
28132
17287
15724
82952
17609
17258
16020
17660
33442
971853
28197
34846
141474
64187
8248
17345
85470
15866
73025
15676
19984
34712
27500
16946
36605
708641
nan
nan
708640
3219
34593
6931
169739
141700
189728
34240
173375
84212
nan
nan
82912
34283
73961
17754
42820
165231
189725
nan
nan
86369
32980
50205
nan
169607
191656
nan
85095
83490
189721
189723
16112
41254
16207
189719
70824
70254
28647
86562
75491
137478
17597
nan
88700
34421
59613
71018
85533
17254
446746
1904
1905
174910
88738
134255
nan
nan
88695
nan
88659
nan
88746
88750
165227
nan
nan
16384
85520
89861
16643
15978
86507
83501
16704
15603
2611
28812
2668
2676
28971
18388
181620
16199
16344
82392
17377
17574
189737
33216
34575
34372
88542
17191
168486
165242
3387
15600
29007
3561
32398
40304
17724
36002
86971
175989
29052
189745
189746
28426
15964
133094
69439
125201
nan
183911
166642
189732
189731
31463
291342
84834
49575
47381
189749
27708
28006
176466
176472
86612
174946
174634
189726
189727
176468
4582
166461
166474
nan
16761
28548
31528
544560
81555
nan
176435
nan
nan
90
nan
nan
70255
42255
428126
nan
188397
87248
156187
87247
31575
189724
133508
86990
18088
190105
76247
30778
nan
nan
28088
167838
189734
176131
nan
189736
192068
92609
5384
16737
18107
16919
29073
17780
17072
17553
16000
28230
177255
177264
189730
15728
88405
173769
189741
189743
189742
189744
5832
18357
nan
nan
17295
30769
27794
185922
179839
6052
189739
17748
15901
63798
171798
28499
nan
6128
15641
nan
15864
75726
18128
nan
71012
16410
31799
66682
6698
45129
18102
545681
132612
88522
491486
16335
143107
17596
17568
189718
17846
nan
16668
83527
37659
27956
7936
189722
144380
38635
49086
31967
74793
83493
31985
8093
46905
17276
168285
17775
157781
16828
75632
35280
17015
32063
16164
nan
nan
nan
348669
nan
113
32797
nan
65004
9123
169041
15714
40237
28374
17497
18183
17431
17808
17821
nan
189715
189716
189717
176454
68329
955
17148
9629
16040
8198
45713
175990
84040
175992
48347
164200
189740
174103
33678
133567
1280327
1050862
174255
44715
10219
9188
70808
nan
nan
45658
74767
72665
nan
nan
133695
nan
73922
172509
82931
71062
nan
nan
80774
88735
73845
87774
nan
68848
nan
133548
73049
37084
133559
nan
133458
nan
17685
68568
50129
21563
18329
133430
16628
46215
176436
7476
nan
19232
nan
84415
73039
133089
17394
296881
70979
34729
nan
nan
70811
133435
45996
82932
133530
45171
116314
133544
9671
73054
133092
nan
28664
87998
76942
67042
89929
nan
nan
133747
73034
nan
nan
nan
133226
37657
37035
76308
133594
74475
139582
28315
133532
21565
72689
64414
nan
73707
133562
133101
133112
73728
88494
178164
16437
176081
133040
133096
24809
nan
45969
64032
nan
21553
39540
nan
133103
133686
9307
nan
133109
nan
133565
174623
nan
nan
nan
nan
133119
68830
133542
nan
178080
166778
82911
16070
83054
28821
68433
68505
176442
nan
60645
89613
133694
nan
133534
16175
133185
133677
nan
nan
nan
68447
73705
45826
nan
73061
133693
133032
74971
83040
75542
73722
133568
18185
27747
nan
nan
28797
7676
21077
20912
64304
73024
16390
172542
179700
61695
16513
82965
19289
43419
9907
78646
40521
176485
133179
176462
19227
36378
nan
132188
nan
nan
nan
133124
nan
nan
25998
nan
133186
59973
82969
70749
40070
nan
133706
47771
19065
37245
nan
71179
89615
166739
89582
17443
73067
168508
nan
77761
nan
15670
133570
nan
84488
nan
nan
88765
83037
133176
nan
138032
nan
178054
nan
nan
nan
nan
7959
24813
27971
87440
87614
70960
17987
27442
17201
2691
75144
169996
18347
62346
87375
91315
75146
17967
nan
137054
2869
50392
28671
32826
87625
70989
95120
167745
169985
nan
15702
142245
26756
68440
24702
17224
nan
89649
34486
nan
42639
5672
88528
6359
173789
67249
17935
41128
nan
nan
28871
17475
384411
86396
169990
90333
137426
nan
15751
28600
166504
16713
169986
nan
189467
192169
19229
21803
25863
28768
28819
28833
29133
32354
33070
3374
4636
nan
541975
34975
61198
nan
63631
63816
68078
68467
68566
68834
70976
72772
181839
78734
80408
8382
85253
86537
9908
nan
nan
nan
nan
1883
90344
nan
73026
68434
83053
nan
27607
73218
nan
64486
133086
73060
28623
nan
89717
nan
188412
nan
nan
89901
143812
72719
139536
182915
133028
nan
146206
23774
64564
90000
nan
175868
21555
nan
nan
nan
nan
173816
73100
176478
nan
nan
178081
132479
nan
28972
70997
nan
nan
nan
89884
nan
nan
nan
nan
133708
24786
132477
26836
16235
15584
47937
17710
28102
40410
16742
50619
6801
16831
30797
28717
32635
17802
28189
27999
47807
27905
18403
40886
18333
36217
17768
48300
3165
165861
73057
15573
50845
43755
143243
15963
27374
28036
9349
222828
28816
14336
84153
73212
15525
28918
16958
422
44897
21547
17750
42111
1387
18295
30744
16082
24344
73052
17533
15746
17712
27551
16610
30915
30794
16891
29009
16709
17672
82914
18405
17368
189714
15741
16057
17290
16974
16530
17066
43355
27540
27911
15918
16345
17645
17363
15344
17927
4047
87986
46234
46372
18258
37024
27389
17154
64489
28610
89836
28733
86241
84828
75457
73990
131989
73792
77292
133456
84532
84557
74343
16238
17312
32806
17621
32805
18243
32816
16708
15753
17884
30887
35128
144365
17713
37550
18127
17859
145223
27732
21557
72998
15486
15487
15760
73858
74968
73851
74344
73873
86260
18139
40526
17864
28921
41941
18261
545959
17405
37373
742324
17126
27470
15811
28939
30838
28666
17141
17310
77086
89963
30831
30832
91316
16675
88801
4866
15956
30860
72733
18012
17626
30817
1547
28747
18089
15940
17474
30768
37946
48861
131434
15430
88811
68567
28171
26078
44215
133678
15996
17627
791437
70984
18112
182609
15366
82929
9532
20506
86366
15946
28924
28595
17602
17458
16814
27584
16973
30531
16284
27480
28790
16540
32800
27637
17807
17786
16135
30772
30754
28865
44747
15793
48430
32978
15532
84634
17688
16521
17385
64390
40538
89825
266653
1127735
nan
17697
9300
15614
9347
18408
16259
17172
18077
15999
16104
1427
18332
18344
15873
16031
9410
16765
25722
15633
28484
17013
27823
30851
194705
17418
28645
15533
48131
16525
18397
28493
68616
16796
35932
18386
28061
74640
84098
nan
17620
15698
16450
74433
84487
17509
47952
74535
83359
74533
74532
30745
30746
32374
nan
38358
17490
15783
17650
17890
16411
17268
16509
17439
47013
30776
186636
4208
28238
28320
17823
17306
16893
28043
41865
15699
16962
10072
84651
34146
15960
48950
15854
28136
18101
43580
nan
74099
16827
17579
17594
144308
16914
36259
28115
17362
16359
53486
16995
27647
89634
132244
16881
18086
17687
68455
17409
35699
28279
18135
36274
15882
32796
45571
37371
15929
84644
27471
17566
25858
46195
30314
28324
49033
17285
15768
4676
28837
16422
17347
17252
16755
8228
16990
27471
3699
34154
34496
83036
17140
17814
41321
28834
16330
17033
16551
16634
29019
39567
28689
27974
16469
17026
9008
32643
82707
32111
52330
28867
28053
16217
17084
2198
24103
37998
16032
2904
132448
48765
30813
8499
6904
31697
35420
104011
16716
2089
87753
17263
17981
36062
16581
39421
35549
32636
3347
16325
38397
15761
77260
65101
35421
34306
71464
75536
25682
35546
30805
16393
16566
15367
30763
17189
30753
nan
28729
37616
2700
28946
41001
77397
68449
68441
68444
48991
28875
75757
16243
17336
28364
68531
87732
18300
1606
27373
8387
28661
27432
17898
31882
42504
17445
17933
28716
36751
320055
14648
71466
17160
28177
15843
28125
100241
16113
17351
53488
nan
nan
73688
15684
691622
89087
27410
27891
80473
28297
64023
15966
17061
16231
28498
30837
2710
28116
27838
16552
16255
15756
53460
78277
17759
16119
30764
28478
28631
53487
48400
28934
32365
16196
15671
16002
50371
17784
15947
75036
73731
28940
16168
2495
16964
28842
8776
62207
32425
18067
39548
2955
133199
4784
4806
5778
68889
5855
32357
53014
28822
18125
18145
nan
51209
9150
75725
35697
1879
16176
28792
73074
101278
16682
83358
6456
73040
40356
48093
48092
16534
77733
133197
37451
133206
49002
73004
73087
47426
16924
28832
27897
28508
16939
16889
68641
15688
16583
16269
17847
15365
16322
16933
18280
28483
141
27592
